5.83
40.43
3.14
29.82
1.72
29.04
1.64
2.96
1.30
15.47
9.16
33.65
26.57
2.70
2.21
4.34
4.85
5.84
1.75
2.00
5.49
35.80
3.11
4.45
27.67
5.19
25.53
2.03
14.10
22.40
5.79
2.27
1.47
8.97
1.31
2.28
1.31
18.22
1.88
2.26
5.78
13.21
2.22
18.24
22.49
1.47
24.19
1.40
5.98
1.36
4.21
26.67
1.32
22.13
1.34
1.33
18.49
3.81
17.57
16.90
1.32
2.29
12.59
3.11
2.78
1.47
19.96
18.64
1.31
20.42
26.88
1.32
2.90
1.48
9.97
2.77
3.42
5.78
1.47
1.32
4.08
23.06
4.42
1.32
5.07
2.45
1.67
3.72
3.64
1.79
1.31
27.32
1.31
16.91
2.12
1.63
2.28
1.97
2.26
1.63
24.29
19.28
2.28
16.76
1.48
2.68
3.82
0.99
2.68
23.03
4.93
4.39
1.30
1.55
2.25
23.57
2.52
1.61
1.31
5.75
24.32
1.30
1.30
15.32
26.40
2.05
17.10
2.28
2.04
2.27
1.97
1.47
1.48
1.31
4.09
15.69
1.32
21.18
9.13
2.28
3.81
27.28
29.48
1.73
2.04
25.00
2.60
2.27
18.14
2.28
19.82
16.79
1.47
2.54
22.56
16.41
12.32
4.13
1.31
1.57
6.51
5.13
8.18
5.78
25.16
1.30
1.47
2.76
19.91
1.31
1.48
26.12
1.31
2.29
1.31
5.26
1.29
6.41
1.30
15.65
1.30
2.52
4.91
2.28
1.32
2.29
4.79
2.28
1.48
23.95
2.06
27.83
1.32
20.85
1.64
2.20
1.48
4.42
19.32
2.31
