0.0006
0.0086
0.0009
0.0125
0.0004
0.0127
0.0006
0.0008
0.0005
0.0078
0.0048
0.0200
0.0177
0.0010
0.0011
0.0033
0.0036
0.0034
0.0006
0.0009
0.0033
0.0245
0.0025
0.0034
0.0176
0.0036
0.0185
0.0010
0.0104
0.0160
0.0037
0.0011
0.0007
0.0059
0.0006
0.0011
0.0006
0.0134
0.0011
0.0011
0.0037
0.0092
0.0011
0.0134
0.0168
0.0007
0.0180
0.0006
0.0037
0.0006
0.0032
0.0201
0.0006
0.0166
0.0007
0.0006
0.0138
0.0033
0.0131
0.0130
0.0006
0.0012
0.0091
0.0018
0.0016
0.0007
0.0153
0.0147
0.0006
0.0158
0.0209
0.0006
0.0015
0.0007
0.0079
0.0016
0.0024
0.0039
0.0007
0.0006
0.0034
0.0179
0.0029
0.0006
0.0039
0.0013
0.0007
0.0033
0.0020
0.0011
0.0006
0.0208
0.0006
0.0131
0.0011
0.0008
0.0012
0.0010
0.0012
0.0008
0.0182
0.0147
0.0012
0.0129
0.0007
0.0015
0.0031
0.0005
0.0015
0.0174
0.0043
0.0029
0.0006
0.0006
0.0012
0.0182
0.0012
0.0008
0.0007
0.0038
0.0189
0.0006
0.0006
0.0120
0.0208
0.0012
0.0134
0.0012
0.0011
0.0011
0.0012
0.0007
0.0007
0.0006
0.0034
0.0126
0.0006
0.0161
0.0064
0.0012
0.0025
0.0215
0.0227
0.0010
0.0011
0.0184
0.0014
0.0012
0.0142
0.0012
0.0159
0.0135
0.0007
0.0012
0.0173
0.0127
0.0091
0.0035
0.0006
0.0006
0.0051
0.0044
0.0066
0.0039
0.0202
0.0006
0.0007
0.0016
0.0159
0.0006
0.0007
0.0205
0.0006
0.0012
0.0006
0.0042
0.0006
0.0045
0.0006
0.0127
0.0006
0.0014
0.0041
0.0012
0.0006
0.0012
0.0040
0.0012
0.0007
0.0188
0.0012
0.0211
0.0006
0.0160
0.0008
0.0012
0.0007
0.0034
0.0150
0.0012
