5.78
40.01
3.09
29.30
1.68
28.33
1.60
2.91
1.26
15.26
9.02
32.97
26.09
2.65
2.15
4.26
4.78
5.73
1.72
1.96
5.37
35.16
3.04
4.38
27.05
5.11
25.07
1.98
13.78
22.02
5.68
2.23
1.43
8.79
1.27
2.23
1.27
17.90
1.83
2.22
5.67
12.98
2.17
17.83
22.08
1.43
23.73
1.35
5.86
1.32
4.12
26.16
1.28
21.73
1.31
1.30
18.17
3.75
17.26
16.55
1.28
2.25
12.32
3.05
2.72
1.43
19.60
18.32
1.28
20.03
26.39
1.28
2.85
1.43
9.76
2.71
3.35
5.68
1.44
1.28
4.01
22.63
4.31
1.28
4.94
2.40
1.63
3.66
3.57
1.74
1.27
26.80
1.27
16.58
2.07
1.59
2.24
1.92
2.21
1.58
23.81
18.85
2.24
16.45
1.44
2.63
3.75
0.95
2.63
22.53
4.86
4.30
1.26
1.51
2.21
23.13
2.48
1.57
1.27
5.63
23.88
1.27
1.27
14.99
25.89
2.00
16.79
2.24
1.99
2.22
1.92
1.43
1.44
1.27
4.00
15.45
1.29
20.80
8.96
2.24
3.74
26.77
28.79
1.68
1.99
24.41
2.55
2.23
17.80
2.24
19.46
16.48
1.42
2.49
22.03
16.11
12.10
4.06
1.27
1.53
6.38
5.04
8.05
5.67
24.70
1.27
1.43
2.71
19.57
1.28
1.44
25.62
1.27
2.25
1.28
5.18
1.26
6.29
1.27
15.38
1.27
2.47
4.84
2.23
1.28
2.25
4.71
2.24
1.43
23.50
2.01
27.18
1.29
20.39
1.60
2.16
1.44
4.32
18.86
2.26
