2.25
1.65
1.02
1.89
0.64
3.84
5.33
0.74
1.85
5.13
3.45
0.78
1.06
2.53
3.97
1.01
1.15
0.76
3.36
1.84
1.78
1.51
2.71
1.12
1.81
0.75
2.06
2.07
3.94
0.73
3.16
2.84
1.00
3.94
1.26
2.07
2.35
2.05
0.75
3.16
1.81
1.32
0.76
2.38
4.45
2.68
3.35
1.37
1.24
3.29
2.02
2.40
1.74
1.85
0.62
1.79
3.35
0.75
0.73
1.47
2.78
3.78
0.62
1.80
0.62
1.86
2.90
1.29
3.77
2.78
0.62
0.61
2.23
1.24
2.22
1.72
3.15
1.98
1.80
3.36
1.12
2.46
3.33
1.30
2.36
0.74
2.43
1.30
2.86
3.87
0.62
2.78
3.85
2.04
1.80
2.17
0.74
3.08
0.61
1.74
0.62
0.98
1.86
1.86
1.24
0.75
1.41
1.91
0.61
0.73
2.98
0.87
1.86
0.74
0.86
1.74
3.16
0.61
3.15
2.79
2.05
1.00
1.86
2.85
2.39
0.62
3.15
0.61
1.85
2.66
1.82
3.19
1.78
1.61
0.99
1.79
1.74
1.99
3.17
0.98
0.99
2.03
4.33
3.81
0.87
0.75
0.62
0.75
0.62
2.40
1.11
3.33
0.63
0.99
2.24
2.68
2.54
1.85
0.74
0.98
1.73
3.16
1.86
0.63
3.38
1.98
2.79
1.79
1.00
1.85
0.62
1.80
3.17
2.15
1.60
0.75
0.61
1.86
3.36
0.75
0.87
1.81
1.18
3.88
0.74
2.04
0.62
1.00
3.18
0.76
3.38
2.14
0.61
2.10
0.74
3.10
0.63
0.62
0.99
0.99
