2.29
1.67
1.04
1.92
0.66
3.91
5.40
0.76
1.89
5.24
3.52
0.80
1.08
2.57
4.05
1.03
1.17
0.77
3.42
1.88
1.81
1.54
2.76
1.14
1.85
0.76
2.10
2.11
4.02
0.75
3.22
2.89
1.02
4.03
1.28
2.11
2.39
2.09
0.76
3.23
1.84
1.35
0.78
2.42
4.54
2.73
3.42
1.40
1.26
3.35
2.07
2.45
1.77
1.88
0.63
1.83
3.42
0.77
0.75
1.50
2.84
3.85
0.64
1.83
0.63
1.90
2.95
1.31
3.84
2.83
0.64
0.63
2.27
1.26
2.27
1.75
3.22
2.01
1.83
3.43
1.14
2.51
3.40
1.33
2.40
0.76
2.47
1.33
2.91
3.94
0.64
2.83
3.93
2.08
1.84
2.21
0.75
3.14
0.63
1.77
0.64
1.00
1.89
1.90
1.27
0.77
1.43
1.95
0.62
0.76
3.03
0.89
1.90
0.76
0.89
1.77
3.34
0.63
3.21
2.84
2.08
1.02
1.89
3.02
2.44
0.63
3.21
0.63
1.89
2.71
1.85
3.26
1.82
1.63
1.01
1.82
1.77
2.03
3.25
0.99
1.01
2.07
4.42
3.88
0.89
0.76
0.63
0.77
0.64
2.44
1.13
3.40
0.64
1.01
2.28
2.72
2.58
1.88
0.76
1.00
1.76
3.23
1.90
0.64
3.44
2.02
2.84
1.83
1.02
1.88
0.64
1.83
3.23
2.19
1.62
0.76
0.63
1.89
3.43
0.76
0.88
1.84
1.21
3.95
0.76
2.08
0.63
1.02
3.25
0.78
3.45
2.18
0.63
2.14
0.76
3.17
0.64
0.63
1.01
1.01
