31.14
7.87
1.91
8.84
19.44
6.64
9.26
16.56
13.37
7.44
8.54
4.18
6.25
17.50
12.32
1.43
8.09
1.69
2.46
8.25
3.89
15.14
1.69
2.61
10.70
14.97
16.54
14.37
1.67
10.01
0.60
11.54
7.51
8.94
1.08
1.70
5.38
13.09
3.38
8.20
12.04
4.99
9.66
5.74
1.68
1.22
0.92
0.91
9.15
0.93
2.39
1.23
0.62
0.92
19.41
1.68
8.14
10.34
15.46
0.93
0.61
11.25
12.68
9.04
11.37
1.32
3.51
0.61
8.94
10.13
18.31
0.62
8.07
5.59
13.22
1.23
16.00
2.35
5.43
3.52
0.61
9.59
1.07
14.48
13.37
1.23
9.13
11.13
5.59
18.01
6.66
10.30
1.40
10.13
7.75
0.92
0.92
9.29
0.92
9.66
15.97
13.72
4.76
12.83
1.25
0.92
1.47
10.39
1.79
3.56
14.09
1.22
5.13
9.61
14.99
3.50
8.60
0.62
1.69
1.22
9.62
9.87
10.83
4.25
8.31
3.66
8.90
8.52
3.53
10.12
2.84
0.92
10.27
7.58
1.21
0.91
11.88
5.58
5.36
5.85
9.33
1.83
6.35
0.61
5.59
13.22
5.36
1.07
0.61
11.66
1.48
3.51
0.61
0.91
5.34
0.62
8.50
1.38
5.38
3.77
8.04
4.97
1.23
3.53
1.22
12.42
11.81
3.53
6.67
5.85
6.50
5.90
3.68
0.92
0.92
12.08
2.45
3.53
11.78
13.79
0.92
0.91
5.38
1.22
5.37
5.92
0.92
13.20
0.91
3.52
12.12
8.27
13.74
0.92
1.69
4.75
5.41
9.55
3.54
0.91
