31.45
7.99
1.94
8.96
19.73
6.75
9.44
16.90
13.62
7.58
8.70
4.26
6.36
17.90
12.57
1.47
8.26
1.73
2.52
8.43
3.97
15.46
1.73
2.66
10.97
15.27
16.92
14.71
1.71
10.24
0.62
11.83
7.67
9.13
1.11
1.74
5.48
13.39
3.46
8.36
12.30
5.10
9.85
5.87
1.72
1.26
0.94
0.94
9.33
0.96
2.44
1.26
0.63
0.94
19.84
1.72
8.31
10.56
15.83
0.95
0.62
11.52
12.99
9.24
11.65
1.35
3.58
0.63
9.15
10.35
18.73
0.63
8.24
5.70
13.51
1.26
16.38
2.41
5.55
3.60
0.63
9.79
1.10
14.81
13.69
1.26
9.33
11.39
5.70
18.48
6.81
10.55
1.43
10.38
7.94
0.95
0.94
9.50
0.95
9.88
16.36
14.07
4.86
13.14
1.28
0.95
1.51
10.64
1.83
3.64
14.45
1.26
5.23
9.82
15.33
3.58
8.80
0.64
1.73
1.26
9.82
10.07
11.09
4.34
8.47
3.74
9.08
8.71
3.61
10.35
2.90
0.95
10.53
7.75
1.24
0.94
12.13
5.70
5.46
5.96
9.53
1.88
6.50
0.63
5.71
13.53
5.47
1.10
0.63
11.95
1.51
3.58
0.63
0.94
5.45
0.63
8.69
1.41
5.49
3.85
8.20
5.09
1.26
3.61
1.25
12.69
12.06
3.61
6.82
5.97
6.65
6.04
3.76
0.94
0.95
12.33
2.50
3.61
12.04
14.13
0.95
0.94
5.48
1.26
5.47
6.06
0.94
13.52
0.94
3.60
12.39
8.44
14.05
0.94
1.73
4.85
5.51
9.76
3.62
0.94
