3.16
1.32
1.31
1.91
3.93
0.53
3.10
1.32
2.30
1.28
2.00
1.30
1.31
1.30
2.97
2.05
1.30
2.40
2.23
1.29
4.05
1.42
1.70
0.23
2.12
1.30
4.13
2.07
1.31
2.06
1.43
1.30
1.30
2.24
0.53
1.30
1.94
1.30
2.31
2.02
1.49
1.93
1.28
1.29
1.00
1.23
1.30
1.30
1.30
1.30
3.07
3.47
1.29
1.36
3.19
3.25
2.66
1.48
1.24
1.53
0.53
1.29
0.65
1.94
0.58
2.17
1.29
1.64
1.65
1.30
3.10
1.70
1.29
1.28
1.29
1.47
1.06
1.41
1.29
2.00
2.42
1.39
1.29
1.82
4.25
2.35
1.30
0.94
1.31
1.29
1.41
1.77
3.42
1.53
1.77
1.30
1.29
1.30
2.36
2.39
1.69
2.24
4.28
2.23
1.30
1.30
1.29
2.27
1.52
3.86
0.59
1.22
1.29
0.76
1.72
1.29
0.76
1.29
2.28
2.05
0.99
1.29
1.29
2.01
2.65
0.59
2.88
2.51
0.99
3.44
2.23
4.11
2.41
2.00
1.93
1.98
1.53
1.53
0.58
1.35
0.24
1.34
1.29
2.41
1.40
1.28
1.23
1.29
0.94
2.34
1.82
1.29
1.74
1.06
2.20
2.40
0.24
0.24
1.31
2.00
1.36
2.15
0.76
1.33
2.94
1.80
1.37
1.33
1.35
2.05
3.98
1.86
1.91
1.30
1.83
2.29
1.34
2.22
2.87
1.30
1.40
1.41
1.30
2.24
3.16
2.16
2.11
1.23
1.65
1.29
1.06
1.30
1.71
2.40
0.23
1.29
3.86
1.70
2.36
1.41
