3.19
1.34
1.34
1.93
3.96
0.54
3.14
1.34
2.32
1.30
2.02
1.32
1.33
1.32
3.00
2.07
1.32
2.43
2.26
1.31
4.09
1.45
1.72
0.24
2.14
1.32
4.18
2.10
1.33
2.08
1.45
1.32
1.32
2.27
0.54
1.32
1.96
1.32
2.34
2.04
1.50
1.95
1.31
1.32
1.01
1.25
1.32
1.33
1.32
1.32
3.11
3.50
1.32
1.37
3.23
3.28
2.69
1.49
1.26
1.55
0.54
1.31
0.66
1.96
0.59
2.19
1.31
1.66
1.66
1.33
3.13
1.72
1.31
1.31
1.31
1.49
1.07
1.42
1.32
2.02
2.45
1.41
1.32
1.84
4.29
2.38
1.32
0.96
1.33
1.32
1.43
1.79
3.45
1.54
1.79
1.32
1.32
1.32
2.38
2.42
1.71
2.27
4.33
2.25
1.32
1.32
1.31
2.30
1.54
3.90
0.60
1.24
1.31
0.77
1.73
1.32
0.77
1.32
2.30
2.08
1.00
1.32
1.31
2.03
2.68
0.60
2.91
2.54
1.00
3.48
2.26
4.15
2.44
2.02
1.95
2.00
1.54
1.55
0.59
1.36
0.24
1.36
1.32
2.44
1.42
1.31
1.25
1.31
0.95
2.37
1.84
1.31
1.76
1.07
2.22
2.43
0.25
0.25
1.33
2.02
1.39
2.18
0.77
1.36
2.97
1.82
1.52
1.35
1.37
2.07
4.02
1.88
1.93
1.33
1.85
2.31
1.35
2.25
2.90
1.32
1.42
1.43
1.32
2.26
3.19
2.18
2.13
1.24
1.67
1.31
1.08
1.33
1.73
2.43
0.23
1.31
3.90
1.72
2.38
1.43
