2.65
2.05
1.71
1.10
2.36
0.98
3.71
1.10
0.92
0.86
2.13
1.43
1.83
1.09
1.73
2.35
1.88
1.10
1.47
3.30
1.13
1.37
0.89
0.86
1.54
1.73
1.11
1.11
1.29
2.29
1.10
0.86
1.61
0.38
1.13
1.12
1.56
1.05
1.74
2.91
1.12
2.28
2.78
1.11
1.30
1.10
2.04
2.35
1.92
1.92
1.54
1.29
1.10
2.67
0.98
2.37
1.30
0.99
1.10
1.11
1.10
1.35
0.74
2.16
2.22
1.54
0.99
1.43
2.51
2.21
0.87
0.37
1.12
0.98
1.54
1.11
2.28
1.10
2.02
1.35
1.47
1.11
0.98
1.35
1.53
1.11
0.62
2.31
1.53
0.86
1.10
0.97
2.03
1.03
1.58
0.86
1.24
1.53
1.10
2.23
2.85
0.86
1.57
0.88
1.15
1.47
1.13
1.19
1.58
1.74
1.64
0.90
2.16
1.06
2.29
1.36
0.89
0.90
1.58
0.78
1.85
1.13
1.14
1.15
0.89
1.47
1.14
1.12
1.13
2.33
1.29
1.36
0.87
1.37
1.57
1.12
0.86
1.56
0.99
1.10
1.11
1.37
1.48
1.48
1.11
1.30
0.99
1.00
1.12
1.92
1.10
0.87
2.22
1.00
0.99
1.12
1.25
1.22
1.11
2.04
0.75
0.37
0.99
1.12
1.30
2.46
0.99
2.17
0.99
0.99
1.11
1.79
2.16
1.11
1.48
1.67
1.10
0.99
1.11
1.49
1.60
1.12
2.24
0.99
1.24
1.44
1.13
0.98
2.41
2.23
0.87
1.30
1.11
1.11
1.30
1.44
0.99
1.00
1.30
1.30
