2.63
2.03
1.70
1.08
2.33
0.97
3.68
1.08
0.91
0.84
2.11
1.41
1.80
1.08
1.70
2.31
1.86
1.08
1.44
3.25
1.11
1.35
0.87
0.85
1.52
1.71
1.10
1.10
1.27
2.26
1.09
0.85
1.59
0.37
1.11
1.10
1.53
1.03
1.71
2.87
1.10
2.25
2.74
1.09
1.28
1.09
2.01
2.32
1.89
1.89
1.52
1.27
1.08
2.63
0.96
2.33
1.28
0.97
1.08
1.09
1.09
1.33
0.73
2.13
2.18
1.52
0.97
1.40
2.46
2.18
0.85
0.37
1.10
0.97
1.52
1.09
2.25
1.08
1.99
1.33
1.45
1.09
0.97
1.33
1.51
1.10
0.60
2.27
1.51
0.85
1.09
0.95
1.99
1.02
1.55
0.84
1.23
1.51
1.09
2.19
2.79
0.85
1.55
0.86
1.13
1.45
1.12
1.17
1.55
1.72
1.62
0.89
2.12
1.05
2.26
1.34
0.87
0.88
1.56
0.77
1.82
1.11
1.12
1.13
0.87
1.45
1.13
1.11
1.11
2.29
1.27
1.34
0.85
1.34
1.55
1.10
0.85
1.53
0.97
1.09
1.10
1.35
1.46
1.46
1.09
1.28
0.98
0.98
1.10
1.89
1.08
0.84
2.18
0.98
0.97
1.10
1.23
1.20
1.09
2.01
0.73
0.36
0.97
1.10
1.28
2.41
0.97
2.13
0.97
0.97
1.10
1.76
2.13
1.10
1.45
1.65
1.09
0.98
1.10
1.46
1.58
1.10
2.20
0.98
1.22
1.42
1.11
0.97
2.38
2.20
0.85
1.28
1.09
1.09
1.28
1.42
0.97
0.98
1.28
1.28
