28
259
33
308
16
276
20
26
16
155
100
369
316
28
27
53
59
71
16
24
66
424
38
55
307
59
306
25
170
257
71
28
18
105
16
28
16
218
23
28
71
162
27
220
271
18
282
16
71
16
50
316
16
263
16
16
218
47
209
204
16
28
151
36
34
18
239
224
16
248
324
16
33
18
122
34
39
71
18
16
50
280
54
16
62
30
18
46
42
22
16
329
16
208
26
20
28
21
28
20
296
237
28
204
18
33
47
12
33
280
61
54
16
16
28
290
28
20
16
71
296
16
16
188
322
25
208
28
25
28
24
18
18
16
50
190
16
258
110
28
47
333
353
21
25
300
32
28
220
28
241
206
18
28
276
199
151
51
16
16
80
63
98
71
306
16
18
34
242
16
18
317
16
28
16
62
16
79
16
192
16
31
58
28
16
28
59
28
18
291
25
332
16
252
20
27
18
54
233
28
