13
178
17
206
7
189
9
12
7
107
65
249
218
13
13
40
44
42
7
11
40
291
30
41
206
43
212
12
120
179
42
13
8
67
7
13
7
150
12
13
42
104
13
150
187
8
197
7
42
7
37
218
7
184
7
7
150
36
144
143
7
13
102
20
18
8
168
159
7
172
227
7
17
8
86
18
26
42
8
7
37
193
32
7
43
15
8
36
23
12
7
226
7
143
12
9
13
11
13
9
199
159
13
141
8
17
34
5
17
189
47
32
7
7
13
199
13
9
7
42
206
7
7
131
224
13
144
13
12
13
13
8
8
7
37
137
7
175
71
13
28
231
244
11
12
198
16
13
152
13
170
145
8
13
186
138
99
38
7
7
55
48
72
42
212
7
8
18
169
7
8
216
7
13
7
45
7
49
7
135
7
15
45
13
7
13
43
13
8
202
12
224
7
171
9
13
8
37
158
13
