32
26
16
30
10
61
59
12
30
78
54
12
16
35
61
16
18
12
51
29
28
21
43
18
29
12
33
33
63
10
51
45
16
63
20
33
36
33
12
51
29
21
12
38
70
43
54
22
20
51
33
39
28
30
10
29
54
12
10
24
45
61
10
29
10
30
45
21
61
45
10
10
36
20
34
28
51
32
29
54
18
38
54
21
38
12
39
21
46
61
10
45
62
33
29
33
12
50
10
28
10
16
30
30
20
12
21
31
10
12
48
14
30
12
14
28
51
10
51
45
33
16
30
46
39
10
51
10
30
43
29
50
29
26
16
29
28
32
51
14
16
33
70
61
14
12
10
12
10
37
18
54
10
16
36
43
39
30
12
16
28
51
30
10
54
30
45
29
16
30
10
29
51
33
26
12
10
30
54
12
14
29
19
61
12
33
10
16
51
12
54
33
10
34
12
50
10
10
16
16
