24
20
7
22
4
41
41
5
22
53
36
5
7
26
41
7
8
5
36
16
21
17
31
8
16
5
23
23
43
4
36
31
7
41
9
23
22
23
5
35
16
17
5
28
49
30
36
11
9
36
23
28
21
23
4
16
36
5
4
13
33
41
4
16
4
22
33
17
41
33
4
4
24
9
25
20
34
22
16
36
8
28
37
11
26
5
28
17
31
42
4
33
44
24
16
23
5
36
4
21
4
7
22
21
16
5
17
17
4
5
34
6
22
5
6
21
34
4
36
32
24
7
22
31
27
4
34
4
22
31
16
36
16
20
7
16
20
24
36
6
7
23
49
41
6
5
4
5
4
26
8
36
4
7
24
30
28
22
5
7
21
36
22
4
38
22
33
16
7
22
4
16
34
23
20
5
4
22
36
5
6
16
10
41
5
23
4
7
36
5
36
23
4
25
5
36
4
4
7
7
