181
72
14
76
154
74
105
182
151
87
95
46
70
202
155
16
105
22
32
86
48
165
22
34
134
179
197
179
22
125
8
148
95
111
14
22
70
160
44
107
154
65
125
72
22
16
12
12
116
12
31
16
8
12
249
22
105
125
196
12
8
146
162
115
148
14
46
8
116
131
233
8
105
73
169
16
202
31
71
46
8
125
14
183
169
16
116
145
73
229
87
134
18
129
101
12
12
121
12
123
208
176
62
167
16
12
16
133
22
44
175
16
67
125
192
46
112
8
22
16
125
125
141
55
105
48
116
111
46
129
37
12
134
95
16
12
155
73
70
73
122
24
83
8
73
169
70
14
8
152
16
46
8
12
70
8
111
18
70
46
105
65
16
46
16
158
154
46
87
73
85
77
48
12
12
154
32
46
154
177
12
12
70
16
70
77
12
169
12
46
158
105
179
12
22
62
67
125
46
12
