121
51
6
52
102
54
74
122
102
62
66
34
48
133
103
7
74
10
18
53
34
109
10
19
89
119
131
118
10
89
3
104
66
76
6
10
48
109
33
73
106
43
86
51
10
7
5
5
81
5
17
7
3
5
171
10
74
86
129
5
3
99
110
81
104
6
34
3
81
92
160
3
74
50
114
7
136
17
51
34
3
86
6
123
112
7
81
98
50
151
62
89
8
89
68
5
5
83
5
80
138
115
44
114
7
5
7
90
10
33
117
7
46
86
127
34
79
3
10
7
86
86
97
36
74
34
81
76
34
86
22
5
89
66
7
5
103
50
48
50
83
12
55
3
50
114
48
6
3
98
7
34
3
5
48
3
76
8
48
34
74
43
7
34
7
110
106
34
62
50
61
56
34
5
5
106
18
34
106
116
5
5
48
7
48
56
5
114
5
34
110
74
119
5
10
44
46
86
34
5
