50
22
22
32
39
9
53
22
39
22
34
22
22
22
49
35
22
41
38
22
68
22
29
4
36
22
70
35
22
34
22
22
22
38
9
22
33
22
39
34
25
31
22
22
17
21
22
22
22
22
52
57
22
23
54
55
45
25
21
24
9
22
11
33
10
37
22
28
28
22
51
29
22
22
22
25
18
24
22
34
41
22
22
31
72
40
22
16
22
22
22
30
58
26
30
22
22
22
40
39
29
38
73
38
22
22
22
37
26
66
10
21
22
13
29
22
13
22
37
35
17
22
22
34
45
10
49
41
17
59
38
70
41
32
33
34
26
26
10
23
4
23
22
41
22
22
21
22
16
40
31
22
29
17
36
38
4
4
21
33
22
34
12
22
48
29
22
22
22
34
66
31
31
22
31
37
23
38
49
22
24
24
22
38
52
37
36
21
28
22
18
22
29
39
4
22
66
29
40
24
