21
14
14
12
18
3
21
14
13
7
12
14
14
14
20
13
7
18
18
14
31
14
10
1
13
14
29
13
14
12
14
14
14
18
3
14
12
7
18
11
7
12
14
14
4
7
7
14
7
14
21
23
14
7
22
22
20
6
7
7
3
14
3
12
3
16
14
7
9
14
21
11
14
14
14
9
7
7
14
15
18
7
14
12
31
18
14
4
7
14
14
12
26
7
11
14
14
14
16
16
10
18
29
18
14
14
14
18
7
27
3
5
14
4
10
14
3
14
18
18
13
14
14
19
18
3
21
16
5
25
16
27
19
12
14
12
7
7
3
7
1
7
14
16
14
14
7
14
4
18
12
14
10
4
12
18
1
1
7
13
14
15
4
14
20
11
14
14
7
18
29
14
11
14
14
18
7
18
21
14
7
7
14
13
21
18
14
5
9
14
7
14
11
13
1
14
27
7
13
7
