16
14
18
18
29
16
38
18
10
14
25
21
30
18
26
36
24
18
24
44
18
22
14
14
25
28
18
18
21
35
18
14
26
6
18
18
25
12
28
47
18
37
43
18
21
18
33
33
31
31
25
21
18
39
16
38
21
16
18
18
18
22
12
35
36
25
16
21
41
36
14
6
18
16
25
18
37
18
33
22
24
16
16
22
25
18
10
35
25
14
18
16
33
17
26
14
18
25
18
36
46
14
23
14
18
23
18
18
25
26
24
14
33
16
36
21
14
14
25
10
29
18
18
18
14
21
18
18
18
35
21
22
14
22
23
18
14
25
16
18
18
20
24
24
18
21
16
16
18
31
18
14
36
16
16
18
18
20
18
33
12
6
16
18
21
37
16
35
16
16
18
29
33
18
24
27
18
16
18
24
26
18
36
16
20
23
16
16
39
36
14
21
18
18
21
23
16
16
21
21
